-1.943045968770753529e-01 -9.123780915659571167e-02 2.177949745691183658e-02 3.847314603433756725e-02 -9.389815726777853144e-02 1.017811297408698773e-01 1.420255309623812412e-01 3.978131888757145684e-02 -5.914383455536605105e-02 1.116069635444470326e-01 7.552607444683687166e-02 8.643953056265669954e-02 -6.549047885026146321e-02 -2.834332194491256951e-01 2.118145721645019741e-01 -1.610885167363149406e-01
-1.149637058607138685e-03 2.383687180051451970e-01 3.306808786574062103e-02 9.348686800101331518e-02 -1.502396569381712899e-01 -1.777630193675553694e-01 -5.270074553259408018e-02 1.086643282343526529e-01 -3.447557677299036699e-02 -7.754207020916865922e-02 2.075856096592442607e-02 1.062749399198235634e-01 -1.432751846120354500e-01 -1.212428236040659635e-01 -7.874865278330428486e-02 1.092937984119358441e-01
4.944440253807919072e-02 2.090528168881234383e-01 9.523233633756919558e-02 -1.276737329411132930e-02 1.265978499223219811e-01 2.123020490361839444e-02 -6.887861340725236203e-02 6.284019102052684769e-02 -6.965663024715064433e-02 -9.763786634542213905e-03 1.320995477582255218e-01 -7.273079372108121228e-03 -7.579084446776855610e-02 -3.163669669695275133e-02 1.036137433148053288e-01 -5.792376593072090518e-02
-1.563037361276132034e-02 -5.422081892433582018e-02 2.434407780229815368e-02 -3.974868163102001500e-02 -1.601586737428367380e-01 -8.866211792124463476e-02 -9.295843697018189855e-02 1.131396339480999630e-01 7.998992531346235668e-02 7.108905497355655356e-02 -5.076509517882556860e-02 -8.160844920756463172e-02 -4.194939899100936370e-02 -1.000940109376475262e-01 2.520474221670505055e-01 -2.249388345170100778e-01
6.328509362390501158e-02 -1.287782530446463236e-01 -1.446281122619978710e-02 -8.492967753693286825e-02 -1.177530663105555570e-01 -1.139897147932927984e-01 1.947226402214680685e-01 -1.358641078248081641e-02 -7.658159333942476943e-02 3.275272339571141250e-02 -7.595597989444603229e-04 5.742280856373051939e-02 -1.796333200815622422e-01 2.681475779882276644e-02 7.697268963336466319e-02 -1.654524713872066455e-01
4.585993844371250017e-02 1.698486887372072096e-01 -1.922927593271979343e-03 8.169828415459712279e-02 6.705704503109098658e-02 -7.075056975105768753e-02 4.412680522810557421e-03 -1.567096633295102237e-01 -4.512947839984001591e-02 2.710054140360291033e-02 7.192040607523740581e-02 2.167925705472509203e-03 7.194391153061126254e-02 -1.099534072407742924e-01 -1.015293367798159561e-02 1.922599649308034736e-03
3.959243099261193777e-01 -2.055871400173536409e-02 -5.032435527265164549e-02 -2.510853677389628807e-02 -9.191134448699438131e-02 1.932352113782475136e-02 -1.159347351452213876e-01 -1.793614443708478057e-01 -7.335681395241515877e-03 1.403344649262592003e-01 -1.605039999106438187e-01 -1.141299237148249982e-04 1.342545542492217525e-01 2.061956956953000242e-01 6.058567705449381668e-02 -1.616461506395211467e-01
3.223298350598408080e-01 1.657315744010648753e-02 5.061267372378197571e-02 1.473484832966883984e-01 -1.359506367148632933e-01 -3.812614773483650587e-03 3.790845043447557683e-02 -1.370138503548024890e-02 -9.258417705395706465e-02 2.365205209823245391e-01 -7.839020950860169090e-02 -1.328919447956658229e-01 -8.212741171292521625e-02 1.980269590796394086e-01 -4.647517094506460611e-02 -1.053524367715816396e-01
1.429820548281804382e-01 7.854923506493577401e-02 -5.833401707041050918e-03 -3.922484909429810318e-02 9.409176145751134424e-02 4.052040803228881133e-02 4.834556908205966258e-02 -2.823574600396957547e-03 -1.688225584327773532e-01 -1.041289322404498688e-02 -5.168952149943489838e-02 6.369052853233486688e-02 1.055037619228929718e-01 -6.699760397875169360e-02 4.695846974445275213e-02 1.731052519734434525e-01
-6.665269033959554668e-02 1.681270033659535423e-01 -8.529015744009151023e-02 2.409571276320865169e-03 -1.109374568462957039e-03 1.149889987006237450e-03 -8.374850630844984933e-02 -5.920028236554101403e-02 -6.677243841825736270e-02 3.277669383114936025e-02 3.304438356257932696e-02 2.225035464876268243e-01 1.370742415486238264e-01 -5.100019246712125115e-02 3.235081233602447870e-02 9.971179807917596172e-02
4.514443506489580760e-02 -3.465132359569903474e-03 -5.308012874939510573e-03 1.216581656155933389e-01 -8.483205228052326241e-02 -3.256736558956493249e-02 8.253355088965395880e-02 2.490457150309480228e-02 2.471099437800398230e-02 -5.074718386586588720e-02 9.640074678939465624e-02 1.853286859957105626e-01 3.583688680550854017e-02 1.323547662038988826e-02 7.500732347700958536e-02 -6.563814826657606016e-02
-7.995411488316275794e-02 -1.210090395731446998e-03 -2.457478737743128971e-01 -1.079271318470157032e-01 -3.478246410348097978e-02 -1.353176412683411434e-01 -1.095656662950110216e-01 -4.634110051508509576e-02 -1.642813863762148108e-01 -8.461964026827316354e-02 -4.760266793795395190e-02 -7.291638053877766423e-03 1.553155775362162483e-01 2.372272987652421228e-02 7.664232800081567827e-03 4.147840361374497548e-02
2.403907159820075148e-02 -1.017032825549492037e-01 -1.134370116072938584e-02 3.134656941034775351e-02 -1.370759940360591067e-01 8.664900046717836923e-02 1.086819411841891125e-01 -6.299793536445252862e-02 -2.408739087799667902e-02 -8.669379099866804383e-02 7.119679456334934708e-02 -1.061933539719703418e-01 -2.209808764790490918e-02 -8.561106054985762048e-02 5.089403893978845100e-03 -1.794520886109465252e-01
3.483660752015461659e-01 -9.694752466540207392e-02 1.483757456361834044e-02 2.356132606536857910e-02 -7.620904504759533349e-02 -8.876410436913821644e-02 5.918480892648488034e-02 -5.730046234008744771e-02 1.791535213034991039e-02 -3.124149168486121259e-02 -6.346560867014744423e-02 8.949972900380111229e-02 1.240643381883599870e-02 9.179305243038031470e-02 -1.403650084089691497e-01 3.178590581634128109e-01
1.346783803721388062e-01 -1.547866962321685358e-01 3.136342967075427812e-01 -1.437945122176321755e-01 -1.461674008100767030e-01 -6.835159869183485282e-02 9.337157911026645191e-03 1.046326254504676388e-02 -8.534939415980166699e-02 4.148605753462556445e-01 -5.237308631147059856e-02 -1.067703247131459726e-01 8.313384896309274075e-02 2.563145531559640200e-01 -8.196172403996239419e-02 -1.491879511330431174e-01
1.689545217532286148e-01 -2.050573012461004707e-01 -9.174048893291034124e-02 7.005219444943037999e-02 -5.520938124440586715e-03 -2.633213882330344077e-02 1.573507847491143613e-02 -1.739681322544852499e-02 -1.299164386918644221e-01 2.230433053923011888e-01 1.496549993823321489e-01 1.221798155566996072e-02 1.064818321871898732e-01 3.708938362422707913e-01 -2.379908288663332844e-02 -4.466448512127366155e-02
